['A +013.59 +028.11 +0.0000 +0.0000 +0.0000    Air'] ['B +007.56 +027.66 +00.000 +00.000 +00.000    Air']
['A +013.59 +028.11 +0.0000 +0.0000 +0.0000    Air'] ['B +007.56 +027.66 +00.000 +00.000 +00.000    Air']
['A +013.59 +028.11 +0.0000 +0.0000 +0.0000    Air'] ['B +007.56 +027.66 +00.000 +00.000 +00.000    Air']
['A +013.59 +028.11 +0.0000 +0.0000 +0.0000    Air'] ['B +007.56 +027.66 +00.000 +00.000 +00.000    Air']
['A +013.59 +028.11 +0.0000 +0.0000 +0.0000    Air'] ['B +007.56 +027.66 +00.000 +00.000 +00.000    Air']
['A +013.59 +028.12 +0.0000 +0.0000 +0.0000    Air'] ['B +007.56 +027.66 +00.000 +00.000 +00.000    Air']
['A +013.59 +028.12 +0.0000 +0.0000 +0.0000    Air'] ['B +007.56 +027.66 +00.000 +00.000 +00.000    Air']
['A +013.59 +028.11 +0.0000 +0.0000 +0.0000    Air'] ['B +007.56 +027.66 +00.000 +00.000 +00.000    Air']
['A +013.59 +028.11 +0.0000 +0.0000 +0.0000    Air'] ['B +007.56 +027.66 +00.000 +00.000 +00.000    Air']
['A +013.59 +028.11 +0.0000 +0.0000 +0.0000    Air'] ['B +007.56 +027.66 +00.000 +00.000 +00.000    Air']
['A +013.59 +028.12 +0.0000 +0.0000 +0.0000    Air'] ['B +007.56 +027.66 +00.000 +00.000 +00.000    Air']
['A +013.59 +028.12 +0.0000 +0.0000 +0.0000    Air'] ['B +007.56 +027.66 +00.000 +00.000 +00.000    Air']
['A +013.59 +028.12 +0.0000 +0.0000 +0.0000    Air'] ['B +007.56 +027.66 +00.000 +00.000 +00.000    Air']
['A +013.59 +028.12 +0.0000 +0.0000 +0.0000    Air'] ['B +007.56 +027.66 +00.000 +00.000 +00.000    Air']
['A +013.59 +028.12 +0.0000 +0.0000 +0.0000    Air'] ['B +007.56 +027.66 +00.000 +00.000 +00.000    Air']
['A +013.59 +028.12 +0.0000 +0.0000 +0.0000    Air'] ['B +007.56 +027.66 +00.000 +00.000 +00.000    Air']
['A +013.59 +028.12 +0.0000 +0.0000 +0.0000    Air'] ['B +007.56 +027.66 +00.000 +00.000 +00.000    Air']
['A +013.59 +028.12 +0.0000 +0.0000 +0.0000    Air'] ['B +007.56 +027.66 +00.000 +00.000 +00.000    Air']
['A +013.59 +028.12 +0.0000 +0.0000 +0.0000    Air'] ['B +007.56 +027.66 +00.000 +00.000 +00.000    Air']
['A +013.59 +028.12 +0.0000 +0.0000 +0.0000    Air'] ['B +007.56 +027.66 +00.000 +00.000 +00.000    Air']
['A +013.59 +028.12 +0.0000 +0.0000 +0.0000    Air'] ['B +007.56 +027.66 +00.000 +00.000 +00.000    Air']
['A +013.59 +028.12 +0.0000 +0.0000 +0.0000    Air'] ['B +007.56 +027.66 +00.000 +00.000 +00.000    Air']
['A +013.59 +028.12 +0.0000 +0.0000 +0.0000    Air'] ['B +007.56 +027.66 +00.000 +00.000 +00.000    Air']
['A +013.59 +028.12 +0.0000 +0.0000 +0.0000    Air'] ['B +007.56 +027.66 +00.000 +00.000 +00.000    Air']
['A +013.59 +028.12 +0.0000 +0.0000 +0.0000    Air'] ['B +007.56 +027.66 +00.000 +00.000 +00.000    Air']
['A +013.59 +028.12 +0.0000 +0.0000 +0.0000    Air'] ['B +007.56 +027.66 +00.000 +00.000 +00.000    Air']
['A +013.59 +028.12 +0.0000 +0.0000 +0.0000    Air'] ['B +007.56 +027.66 +00.000 +00.000 +00.000    Air']
['A +013.59 +028.12 +0.0000 +0.0000 +0.0000    Air'] ['B +007.56 +027.66 +00.000 +00.000 +00.000    Air']
['A +013.59 +028.12 +0.0000 +0.0000 +0.0000    Air'] ['B +007.56 +027.66 +00.000 +00.000 +00.000    Air']
['A +013.59 +028.12 +0.0000 +0.0000 +0.0000    Air'] ['B +007.56 +027.66 +00.000 +00.000 +00.000    Air']
['A +013.59 +028.12 +0.0000 +0.0000 +0.0000    Air'] ['B +007.56 +027.66 +00.000 +00.000 +00.000    Air']
['A +013.59 +028.12 +0.0000 +0.0000 +0.0000    Air'] ['B +007.56 +027.66 +00.000 +00.000 +00.000    Air']
['A +013.59 +028.13 +0.0000 +0.0000 +0.0000    Air'] ['B +007.56 +027.66 +00.000 +00.000 +00.000    Air']
['A +013.59 +028.13 +0.0000 +0.0000 +0.0000    Air'] ['B +007.56 +027.66 +00.000 +00.000 +00.000    Air']
['A +013.59 +028.13 +0.0000 +0.0000 +0.0000    Air'] ['B +007.56 +027.67 +00.000 +00.000 +00.000    Air']
['A +013.59 +028.13 +0.0000 +0.0000 +0.0000    Air'] ['B +007.56 +027.67 +00.000 +00.000 +00.000    Air']
['A +013.59 +028.13 +0.0000 +0.0000 +0.0000    Air'] ['B +007.56 +027.67 +00.000 +00.000 +00.000    Air']
['A +013.59 +028.13 +0.0000 +0.0000 +0.0000    Air'] ['B +007.56 +027.67 +00.000 +00.000 +00.000    Air']
['A +013.59 +028.13 +0.0000 +0.0000 +0.0000    Air'] ['B +007.56 +027.67 +00.000 +00.000 +00.000    Air']
['A +013.59 +028.13 +0.0000 +0.0000 +0.0000    Air'] ['B +007.56 +027.67 +00.000 +00.000 +00.000    Air']
['A +013.59 +028.13 +0.0000 +0.0000 +0.0000    Air'] ['B +007.56 +027.67 +00.000 +00.000 +00.000    Air']
['A +013.59 +028.13 +0.0000 +0.0000 +0.0000    Air'] ['B +007.56 +027.67 +00.000 +00.000 +00.000    Air']
['A +013.59 +028.13 +0.0000 +0.0000 +0.0000    Air'] ['B +007.56 +027.67 +00.000 +00.000 +00.000    Air']
['A +013.59 +028.13 +0.0000 +0.0000 +0.0000    Air'] ['B +007.56 +027.67 +00.000 +00.000 +00.000    Air']
['A +013.59 +028.13 +0.0000 +0.0000 +0.0000    Air'] ['B +007.56 +027.67 +00.000 +00.000 +00.000    Air']
['A +013.59 +028.13 -0.0001 -0.0001 +0.0000    Air'] ['B +007.56 +027.67 +00.000 +00.000 +00.000    Air']
['A +013.59 +028.13 +0.0000 +0.0000 +0.0000    Air'] ['B +007.56 +027.67 +00.000 +00.000 +00.000    Air']
['A +013.59 +028.13 +0.0000 +0.0000 +0.0000    Air'] ['B +007.56 +027.67 +00.000 +00.000 +00.000    Air']
['A +013.59 +028.13 +0.0000 +0.0000 +0.0000    Air'] ['B +007.56 +027.67 +00.000 +00.000 +00.000    Air']
['A +013.59 +028.13 +0.0000 +0.0000 +0.0000    Air'] ['B +007.56 +027.67 +00.000 +00.000 +00.000    Air']
['A +013.59 +028.13 +0.0000 +0.0000 +0.0000    Air'] ['B +007.56 +027.67 +00.000 +00.000 +00.000    Air']
['A +013.59 +028.13 +0.0000 +0.0000 +0.0000    Air'] ['B +007.56 +027.67 +00.000 +00.000 +00.000    Air']
['A +013.59 +028.13 +0.0000 +0.0000 +0.0000    Air'] ['B +007.56 +027.67 +00.000 +00.000 +00.000    Air']
['A +013.59 +028.13 +0.0000 +0.0000 +0.0000    Air'] ['B +007.56 +027.67 +00.000 +00.000 +00.000    Air']
['A +013.59 +028.13 +0.0000 +0.0000 +0.0000    Air'] ['B +007.56 +027.67 +00.000 +00.000 +00.000    Air']
['A +013.59 +028.13 +0.0000 +0.0000 +0.0000    Air'] ['B +007.56 +027.67 +00.000 +00.000 +00.000    Air']
['A +013.59 +028.13 +0.0000 +0.0000 +0.0000    Air'] ['B +007.56 +027.68 +00.000 +00.000 +00.000    Air']
['A +013.59 +028.13 +0.0000 +0.0000 +0.0000    Air'] ['B +007.56 +027.68 +00.000 +00.000 +00.000    Air']
['A +013.59 +028.13 +0.0000 +0.0000 +0.0000    Air'] ['B +007.56 +027.68 +00.000 +00.000 +00.000    Air']
['A +013.59 +028.13 +0.0000 +0.0000 +0.0000    Air'] ['B +007.56 +027.68 +00.000 +00.000 +00.000    Air']
['A +013.59 +028.13 +0.0000 +0.0000 +0.0000    Air'] ['B +007.56 +027.68 +00.000 +00.000 +00.000    Air']
['A +013.59 +028.13 +0.0001 +0.0001 +0.0000    Air'] ['B +007.56 +027.68 +00.000 +00.000 +00.000    Air']
['A +013.59 +028.13 +0.0000 +0.0000 +0.0000    Air'] ['B +007.56 +027.68 +00.000 +00.000 +00.000    Air']
['A +013.58 +028.13 +0.0000 +0.0000 +0.0000    Air'] ['B +007.56 +027.68 +00.000 +00.000 +00.000    Air']
['A +013.58 +028.14 +0.0000 +0.0000 +0.0000    Air'] ['B +007.56 +027.68 +00.000 +00.000 +00.000    Air']
['A +013.58 +028.14 +0.0000 +0.0000 +0.0000    Air'] ['B +007.56 +027.68 +00.000 +00.000 +00.000    Air']
['A +013.58 +028.14 +0.0001 +0.0001 +0.0000    Air'] ['B +007.56 +027.68 +00.000 +00.000 +00.000    Air']
['A +013.58 +028.14 +0.0000 +0.0000 +0.0000    Air'] ['B +007.55 +027.68 +00.000 +00.000 +00.000    Air']
['A +013.58 +028.14 +0.0000 +0.0000 +0.0000    Air'] ['B +007.56 +027.68 +00.000 +00.000 +00.000    Air']
['A +013.58 +028.14 +0.0001 +0.0001 +0.0000    Air'] ['B +007.56 +027.68 +00.000 +00.000 +00.000    Air']
['A +013.58 +028.14 +0.0000 +0.0000 +0.0000    Air'] ['B +007.56 +027.68 +00.000 +00.000 +00.000    Air']
['A +013.59 +028.14 +0.0000 +0.0000 +0.0000    Air'] ['B +007.56 +027.68 +00.000 +00.000 +00.000    Air']
['A +013.58 +028.14 +0.0000 +0.0000 +0.0000    Air'] ['B +007.55 +027.68 +00.000 +00.000 +00.000    Air']
['A +013.58 +028.14 +0.0000 +0.0000 +0.0000    Air'] ['B +007.56 +027.68 +00.000 +00.000 +00.000    Air']
['A +013.58 +028.14 +0.0000 +0.0000 +0.0000    Air'] ['B +007.56 +027.68 +00.000 +00.000 +00.000    Air']
['A +013.58 +028.14 -0.0002 -0.0002 +0.0000    Air'] ['B +007.56 +027.68 +00.000 +00.000 +00.000    Air']
['A +013.58 +028.14 +0.0000 +0.0000 +0.0000    Air'] ['B +007.56 +027.68 +00.000 +00.000 +00.000    Air']
['A +013.59 +028.14 +0.0001 +0.0001 +0.0000    Air'] ['B +007.56 +027.68 +00.000 +00.000 +00.000    Air']
['A +013.59 +028.14 +0.0000 +0.0000 +0.0000    Air'] ['B +007.56 +027.68 +00.000 +00.000 +00.000    Air']
['A +013.58 +028.14 +0.0000 +0.0000 +0.0000    Air'] ['B +007.56 +027.68 +00.000 +00.000 +00.000    Air']
['A +013.58 +028.14 +0.0000 +0.0000 +0.0000    Air'] ['B +007.56 +027.68 +00.000 +00.000 +00.000    Air']
['A +013.59 +028.14 +0.0000 +0.0000 +0.0000    Air'] ['B +007.56 +027.68 +00.000 +00.000 +00.000    Air']
['A +013.59 +028.14 +0.0001 +0.0001 +0.0000    Air'] ['B +007.56 +027.68 +00.000 +00.000 +00.000    Air']
['A +013.59 +028.14 +0.0001 +0.0001 +0.0000    Air'] ['B +007.55 +027.68 +00.000 +00.000 +00.000    Air']
['A +013.59 +028.14 +0.0000 +0.0000 +0.0000    Air'] ['B +007.56 +027.68 +00.000 +00.000 +00.000    Air']
['A +013.58 +028.14 +0.0000 +0.0000 +0.0000    Air'] ['B +007.56 +027.68 +00.000 +00.000 +00.000    Air']
['A +013.58 +028.14 +0.0000 +0.0000 +0.0000    Air'] ['B +007.56 +027.68 +00.000 +00.000 +00.000    Air']
['A +013.58 +028.14 -0.0001 -0.0001 +0.0000    Air'] ['B +007.56 +027.69 +00.000 +00.000 +00.000    Air']
['A +013.59 +028.14 +0.0001 +0.0001 +0.0000    Air'] ['B +007.56 +027.69 +00.000 +00.000 +00.000    Air']
['A +013.58 +028.14 +0.0000 +0.0000 +0.0000    Air'] ['B +007.55 +027.69 +00.000 +00.000 +00.000    Air']
['A +013.59 +028.14 +0.0000 +0.0000 +0.0000    Air'] ['B +007.56 +027.69 +00.000 +00.000 +00.000    Air']
['A +013.58 +028.14 +0.0000 +0.0000 +0.0000    Air'] ['B +007.56 +027.69 +00.000 +00.000 +00.000    Air']
['A +013.58 +028.14 +0.0000 +0.0000 +0.0000    Air'] ['B +007.56 +027.69 +00.000 +00.000 +00.000    Air']
['A +013.58 +028.14 +0.0000 +0.0000 +0.0000    Air'] ['B +007.56 +027.69 +00.000 +00.000 +00.000    Air']
['A +013.58 +028.14 +0.0000 +0.0000 +0.0000    Air'] ['B +007.56 +027.69 +00.000 +00.000 +00.000    Air']
['A +013.58 +028.14 +0.0000 +0.0000 +0.0000    Air'] ['B +007.55 +027.68 +00.000 +00.000 +00.000    Air']
['A +013.58 +028.14 +0.0000 +0.0000 +0.0000    Air'] ['B +007.56 +027.68 +00.000 +00.000 +00.000    Air']
['A +013.58 +028.14 +0.0000 +0.0000 +0.0000    Air'] ['B +007.56 +027.68 +00.000 +00.000 +00.000    Air']
['A +013.59 +028.14 +0.0001 +0.0001 +0.0000    Air'] ['B +007.55 +027.68 +00.000 +00.000 +00.000    Air']
['A +013.58 +028.14 +0.0000 +0.0000 +0.0000    Air'] ['B +007.55 +027.68 +00.000 +00.000 +00.000    Air']
